42763667
42764143
42766204
42766480
42766551
42766863
42766921
42767254
42768291
42768340
42770149
42770238
42771026
42771028
42771539
42771541
42773493
42773696
42773907
42774155
42775833
42775837
42776286
42776351
42776669
42777078
42777079
42778782
42778903
42780525
42780535
42780704
42781177
42783433
42783474
42784132
42785703
42785765
42786915
42787245
42787445
42787458
42787690
42788088
42788111
42788136
42788306
42789134
42790598
42795828
42795947
42796051
42796083
42796247
42796367
42798107
42798628
42799241
42799430
42799714
42801296
